

%root(2*a1*a3*c^3*z1^4 + a1^2*a3*c*z1^4 + c^4*z1^4 + 6*a1*a2*a3*c^2*z1^3 + 
%a1^2*a2*a3*z1^3 - 2*a1*a3*c*z1^3 + 4*a2*c^3*z1^3 - a1^2*c^2*d*z1^3 - a1^3*d*z1^3 
%- a3*c^3*z1^3 - a1*c^3*z1^3 - a1^2*c*z1^3 - 2*a1^2*a2*c*d*z1^2 + 6*a1*a2^2*a3*c*z1^2 
%+ a1*c^2*d*z1^2 - 3*a2*a3*c^2*z1^2 - 3*a1*a2*c^2*z1^2 - 2*a1*a2*a3*z1^2 + a3*c*z1^2 
%+ 2*a1*c*z1^2 + 6*a2^2*c^2*z1^2 + 3*a1^2*d*z1^2 - a1^2*a2*z1^2 + 2*a1*a2*c*d*z1 
%- 3*a2^2*a3*c*z1 - 3*a1*a2^2*c*z1 + 2*a1*a2^3*a3*z1 + 4*a2^3*c*z1 - a1^2*a2^2*d*z1 
%- 3*a1*d*z1 + a2*a3*z1 + 2*a1*a2*z1 - c*z1 + a1*a2^2*d + d - a2^3*a3 - a1*a2^3 + a2^4 
%- a2, z1, 1)
 

% Use descriminate to determine properties
P4 = 2*a1*a3*c^3 + a1^2*a3*c + c^4;
P3 = 6*a1*a2*a3*c^2 + a1^2*a2*a3 - 2*a1*a3*c + 4*a2*c^3 - a1^2*c^2*d ...
    -a1^3*d - a3*c^3 - a1*c^3 - a1^2*c;
P2 = -2*a1^2*a2*c*d + 6*a1*a2^2*a3*c + a1*c^2*d - 3*a2*a3*c^2 - 3*a1*a2*c^2 ...
    -2*a1*a2*a3 + a3*c + 2*a1*c + 6*a2^2*c^2 + 3*a1^2*d - a1^2*a2;
P1 = 2*a1*a2*c*d - 3*a2^2*a3*c - 3*a1*a2^2 + 2*a1*a3^3*a3 + 4*a3^3*c ...
    -a1^2*a2^2*d - 3*a1*d + a2*a3 + 2*a1*a2 - c;
P0 = a1*a2^2*d + d - a2^3*a3 - a1*a2^3 + a2^4 - a2;

delta = 256*P4^3*P0^3 - 192*P4^2*P3*P1*P0^2 - 128*P4^2*P2^2*P0^2 + 144*P4^2*P2*P1^2*P0 ...
    -27*P4^2*P0^4 + 144*P4*P3^2*P2*P0^2 - 6*P4*P3^2*P1^2*P0 - 80*P4*P3*P2^2*P1*P0 ...
    + 18*P4*P3*P2*P1^3 + 16*P4*P2^4*P0 - 4*P4*P2^3*P1^2 - 27*P3^4*P0^2 + 18*P3^3*P2*P1*P0 ...
    -4*P3^3*P1^3 - 4*P3^2+P2^3*P0 + P3^2*P2^2*P1^2;

Q1 = 8*P4*P2 - 3* P3^2;

Q2 = P3^3 + 8*P1*P4^2 - 4*P4*P3*P2;

Q3 = P2^2 - 3*P3*P1 + 12*P4*P0;

Q4 = 64*P4^3*P0 - 16*P4^2*P2^2 + 16*P4*P3^2*P2 - 16*P4^2*P3*P1 - 3*P3^4;